000011110100000001000110010101111101100001101100110000011010110001100001111000011000001010100000100011110011000000000011000001110111011101011101110111100101101001111111011111100100011100011100001011001111010011110111001010011100010010111111011011110000110010110110001111110000111110001100

010010101011000111101111011110000010011001111001000110010110000001011001101100011110100101100001001101110111010101011100000100010101001100100011010100011111111011001111010001101011100111001000111001101100110000101000000010101010111010011011101111110011110000011001000011111010110100001110

101101011111111101101001111000010011100001011100100100011101001001000101111110100011010001001111100100011110001000110111101001100001010011011111001101000110001010001010110101001000100111001000000110011000001010101110100100111011000010111110001101111000111000000101010001000111000000100000

111011100110110000100010111111010100101000110000101111011101011111111101011011000010010011100100010110110011110011111000101001101111011111111110100111000111101110100011000011110001110101111111010000100001000111100101100011111100001011010010000110111000101110111101110100100110000010001011

000011110100011110011100001101100101000010010000001010110110101010110000001011010101110010000011001010110101101011000010011100010111110000010011100011101101101001111111000000111110000100000100101000110011101001011011010001001101100001110010100011010011011011110000100100110001100011101100

