100011011100011001101001010010010001100011000110110101011000010010110101000110000011111001101001101101011010010011111011101111000000010100011100100001110101110000011001100001110010010100100001100001111101101110111010000101001011101101011100101011101000111100001001011100010100111111010000

010101011100001000010110110001011110001011111100100111010111101100100101101100100110011010110101100100101000110011101101000010110011101110010001100011110101110100101100111100010111101100111000100111100000011001101111000001111101000001100010010111101011000101000000011100011000100010011101

001101000101100111111000100111101111100111100100001011011100111101100000100010011000111010011111111111110001000010011111010011010011010010101010000000000110000000101001001000010010011001011010001100010011101110010001010011000101000101110000111100011001100111101111001010110110000110111110

110001001000010001001111100000101001110000101011101100001111100010110100111101000011111111110010111011000101101111000000100010001010101011010111110101100001101001010010001001100101011010111011000011110100000000110110010000001010111010110101011100110011001011010001001101111101000111011010

101001111011101111100111000100110101111001001000001010001101001001110100010000111000001111010010110011001001001001100000001000110010000101111110010000001001100111111010111110110100011111110010001011101101000100100001100010000001100001000010110000011111001111100100000101110010010010111000

110100100111011111010010101110111011101000111100110101000111110110100000110011011100110001001110101001100000001110100110110001111101000001101011010010011110100100011010101101000101111001110001000110011011001110101011011110011000100010100010000101111011011111000101000011100010001001100110

000110100000110010001001011100011111100010000000110011010101001101101010011111001111100100000001100010001111000010111101001000110111010001011111000100001110100100110110100011010010101100010000110100011100100011110000101100111100101000011110000011101001100100001111101111110001011100101001

000111100111000001101010011110101111100001001001111100101011101100010011101000011101100011100100110011100110100100000101000100010001000110101100110101010110100101111000011010010011001011100000010110100111110101100101101101000101111011100110001110011000110111100001000000101111111110001111

000111100111011110110000000110110111000010110101000110000111110111000010011011010000011011000111011010100000001111000100011001110001101011100010100001011110100101111000000101001001010011111000110101011011001111001001110110010100001000101011110110111011011110100111101011101110100011101111

